21c21
<   70180  43200   11.8  -60.0  310.0   8.67  151.7  155.3    6.0   0.3240E+14   0.9999E-37   0.4865E+19   0.1305E+19   0.5815E+17   0.2995E-03   0.9999E-37   0.9999E-37   0.9999E-37   0.9999E-37  209.01
---
>   70180  43200   11.8  -60.0  310.0   8.67  151.7  155.3    6.0   0.3240E+14   0.9999E-37   0.4865E+19   0.1305E+19   0.5814E+17   0.2995E-03   0.9999E-37   0.9999E-37   0.9999E-37   0.9999E-37  209.01
64c64
<   70114  32400   62.9  -74.9    9.2   9.62  161.3  128.7   16.0   0.1356E+11   0.8569E+10   0.2036E+16   0.5458E+15   0.2433E+14   0.1253E-06   0.9999E-37   0.9999E-37   0.9999E-37   0.9999E-37  243.58
---
>   70114  32400   62.9  -74.9    9.2   9.62  161.3  128.7   16.0   0.1356E+11   0.8568E+10   0.2036E+16   0.5458E+15   0.2433E+14   0.1253E-06   0.9999E-37   0.9999E-37   0.9999E-37   0.9999E-37  243.58
77c77
<   11146  37212   77.4  -13.4  321.4   7.77   98.4   80.3    6.0   0.2494E+10   0.7866E+10   0.3739E+15   0.1003E+15   0.4468E+13   0.2302E-07   0.1406E+09   0.9999E-37   0.9999E-37   0.8067E+07  194.94
---
>   11146  37212   77.4  -13.4  321.4   7.77   98.4   80.3    6.0   0.2494E+10   0.7867E+10   0.3739E+15   0.1003E+15   0.4468E+13   0.2302E-07   0.1406E+09   0.9999E-37   0.9999E-37   0.8067E+07  194.94
95c95
<   12339  43649   88.8  -67.7  266.6   5.90  120.4   96.7    4.0   0.6003E+09   0.9982E+11   0.7588E+14   0.1981E+14   0.8791E+12   0.4644E-08   0.2212E+09   0.9999E-37   0.9999E-37   0.1097E+08  149.16
---
>   12339  43649   88.8  -67.7  266.6   5.90  120.4   96.7    4.0   0.6003E+09   0.9982E+11   0.7589E+14   0.1981E+14   0.8791E+12   0.4644E-08   0.2212E+09   0.9999E-37   0.9999E-37   0.1097E+08  149.16
100c100
<   13135  34150   97.5   63.4  226.0   0.56  123.6  147.9    8.0   0.1516E+09   0.6957E+12   0.1218E+14   0.3018E+13   0.1291E+12   0.7540E-09   0.6854E+08   0.9230E+05   0.9999E-37   0.6886E+08  181.81
---
>   13135  34150   97.5   63.4  226.0   0.56  123.6  147.9    8.0   0.1516E+09   0.6957E+12   0.1218E+14   0.3018E+13   0.1290E+12   0.7540E-09   0.6854E+08   0.9230E+05   0.9999E-37   0.6886E+08  181.81
106c106
<   95300  44459  127.7  -10.9   31.2  14.43   75.4   73.9    6.0   0.2568E+08   0.3500E+11   0.1392E+12   0.1792E+11   0.4983E+09   0.8391E-11   0.2762E+07   0.3840E+07   0.7857E-33   0.1267E+08  475.70
---
>   95300  44459  127.7  -10.9   31.2  14.43   75.4   73.9    6.0   0.2568E+08   0.3500E+11   0.1392E+12   0.1792E+11   0.4983E+09   0.8391E-11   0.2762E+07   0.3840E+07   0.7857E-33   0.1266E+08  475.70
120c120
<   85081  56707  177.7    2.9  286.6  10.86   74.1   76.7    4.0   0.1461E+08   0.5862E+10   0.4701E+10   0.4549E+09   0.4967E+07   0.4000E-12   0.6748E+06   0.4291E+08   0.4412E-14   0.2051E+07  696.40
---
>   85081  56707  177.7    2.9  286.6  10.86   74.1   76.7    4.0   0.1461E+08   0.5862E+10   0.4701E+10   0.4549E+09   0.4967E+07   0.4000E-12   0.6748E+06   0.4291E+08   0.4412E-14   0.2051E+07  696.39
125c125
<   75112  24270  205.5  -17.1 -118.0  22.88   70.7   67.5   15.0   0.1291E+08   0.2340E+10   0.9880E+09   0.8134E+08   0.6113E+06   0.1131E-12   0.6543E+06   0.2054E+08   0.7539E-08   0.1122E+06  675.00
---
>   75112  24270  205.5  -17.1 -118.0  22.88   70.7   67.5   15.0   0.1291E+08   0.2340E+10   0.9880E+09   0.8133E+08   0.6113E+06   0.1131E-12   0.6543E+06   0.2054E+08   0.7539E-08   0.1122E+06  675.00
127c127
<   75354   3090  209.2   17.5   86.2   6.61   76.7   71.4    3.0   0.1560E+08   0.2515E+10   0.9402E+09   0.8276E+08   0.4616E+06   0.1153E-12   0.7340E+06   0.8242E+07   0.1078E-07   0.3860E+06  632.22
---
>   75354   3090  209.2   17.5   86.2   6.61   76.7   71.4    3.0   0.1560E+08   0.2515E+10   0.9402E+09   0.8276E+08   0.4616E+06   0.1153E-12   0.7340E+06   0.8241E+07   0.1078E-07   0.3860E+06  632.22
136c136
<   73210  50056  224.2   81.3 -115.6   6.20   88.2   81.7   18.0   0.7410E+06   0.7382E+09   0.1286E+10   0.1239E+09   0.2027E+07   0.8648E-13   0.1452E+06   0.1491E+08   0.3483E-04   0.2907E+07  928.01
---
>   73210  50056  224.2   81.3 -115.6   6.20   88.2   81.7   18.0   0.7411E+06   0.7382E+09   0.1286E+10   0.1239E+09   0.2027E+07   0.8649E-13   0.1452E+06   0.1491E+08   0.3483E-04   0.2907E+07  928.00
139c139
<   76010  17820  234.5   -7.7   27.0   6.75   73.8   71.8   47.0   0.6670E+07   0.1353E+10   0.4654E+09   0.3054E+08   0.2352E+06   0.5947E-13   0.3903E+06   0.7669E+07   0.4170E-03   0.2080E+06  740.34
---
>   76010  17820  234.5   -7.7   27.0   6.75   73.8   71.8   47.0   0.6670E+07   0.1353E+10   0.4653E+09   0.3054E+08   0.2352E+06   0.5947E-13   0.3903E+06   0.7669E+07   0.4170E-03   0.2080E+06  740.34
148c148
<   12213  82495  250.0   -6.9  -38.6  20.34  124.0  136.0    5.0   0.3330E+07   0.8950E+09   0.3111E+09   0.1721E+08   0.1824E+06   0.3950E-13   0.1418E+06   0.1277E+08   0.2153E-02   0.1003E+06  919.75
---
>   12213  82495  250.0   -6.9  -38.6  20.34  124.0  136.0    5.0   0.3330E+07   0.8950E+09   0.3111E+09   0.1721E+08   0.1824E+06   0.3949E-13   0.1418E+06   0.1277E+08   0.2153E-02   0.1003E+06  919.74
155c155
<    3069  10185  250.0   18.6 -175.0  15.17  125.9  152.8   16.0   0.7605E+07   0.1771E+10   0.7297E+09   0.2538E+08   0.3149E+06   0.8350E-13   0.8198E+05   0.4731E+08   0.5290E-02   0.5348E+06 1096.31
---
>    3069  10185  250.0   18.6 -175.0  15.17  125.9  152.8   16.0   0.7605E+07   0.1771E+10   0.7297E+09   0.2538E+08   0.3149E+06   0.8350E-13   0.8199E+05   0.4731E+08   0.5290E-02   0.5348E+06 1096.31
157c157
<    5188   2905  250.0    5.5 -137.9  15.61   93.8  123.0    6.0   0.3046E+07   0.8589E+09   0.5194E+09   0.2057E+08   0.2165E+06   0.4862E-13   0.1283E+06   0.2230E+08   0.3178E-02   0.3945E+06  988.27
---
>    5188   2905  250.0    5.5 -137.9  15.61   93.8  123.0    6.0   0.3046E+07   0.8589E+09   0.5194E+09   0.2057E+08   0.2165E+06   0.4862E-13   0.1283E+06   0.2230E+08   0.3178E-02   0.3946E+06  988.27
164c164
<   82137  51096  262.3  -78.1  154.2   0.47  161.1  135.9   12.0   0.9939E+07   0.9501E+09   0.3455E+09   0.1944E+08   0.2441E+06   0.4256E-13   0.1005E+06   0.5661E+07   0.9367E-01   0.1500E+06 1043.96
---
>   82137  51096  262.3  -78.1  154.2   0.47  161.1  135.9   12.0   0.9939E+07   0.9501E+09   0.3455E+09   0.1944E+08   0.2441E+06   0.4256E-13   0.1005E+06   0.5660E+07   0.9367E-01   0.1500E+06 1043.96
166c166
<   77034  71895  263.1  -18.1  170.3   7.33   79.3   84.5   11.0   0.4812E+07   0.6461E+09   0.1268E+09   0.7319E+07   0.3094E+05   0.2361E-13   0.3469E+06   0.5334E+07   0.7901E-01   0.5738E+05  749.17
---
>   77034  71895  263.1  -18.1  170.3   7.33   79.3   84.5   11.0   0.4812E+07   0.6461E+09   0.1268E+09   0.7319E+07   0.3094E+05   0.2361E-13   0.3469E+06   0.5334E+07   0.7900E-01   0.5738E+05  749.17
178c178
<   81306  49104  322.0  -55.0   94.3  19.93  221.5  225.9    5.0   0.3083E+07   0.7991E+09   0.2070E+09   0.4455E+07   0.1090E+06   0.3174E-13   0.2331E+05   0.2642E+08   0.9385E+03   0.8630E+05 1381.34
---
>   81306  49104  322.0  -55.0   94.3  19.93  221.5  225.9    5.0   0.3083E+07   0.7991E+09   0.2070E+09   0.4455E+07   0.1090E+06   0.3174E-13   0.2331E+05   0.2642E+08   0.9384E+03   0.8630E+05 1381.34
201c201
<    6022   4328  500.0   22.0  130.3   9.89   82.1   93.9    6.0   0.2537E+07   0.4275E+07   0.1299E+05   0.2828E+03   0.7444E-01   0.1339E-15   0.2284E+06   0.1003E+06   0.3559E+04   0.3811E+01  777.86
---
>    6022   4328  500.0   22.0  130.3   9.89   82.1   93.9    6.0   0.2537E+07   0.4276E+07   0.1299E+05   0.2828E+03   0.7444E-01   0.1339E-15   0.2284E+06   0.1003E+06   0.3559E+04   0.3811E+01  777.86
